000100000000000000000000000000000000000
001110000000000000000000000000000000000
001110000000000000000000000000000000000
001111000000000000000000000000000000000
011111000000000000000000000000000000000
011111000000000000000000000000000000000
011111000000000000000001111000000000000
011111100000000000001111111110000000000
011111100000000000111111111110000000000
011111100111110011111111111100000000000
001111111111111111111111111000000000000
001111111111111111111111110000000110000
000111111111111111111111000000001111000
000111111111111111111000000000011111100
001111111111111111110000000000111111100
001111111111111111110000000001111111110
001111111111111111110000000111111111110
001111111111111111111000001111111111110
011111111111111111111000011111111111111
011111111111111111111000111111111111111
011111111111111111111000111111111111111
011111111111111111111001111111111111110
001111111111111111111011111111111111100
000111111111111111111011111111111110000
000111111111111111111101111111111000000
000111111111111111111100111111100000000
000111111111111111111100011110000000000
000111111111111111111100001111000000000
000111111111111111111100011111000000000
001111111111111111111110111111100000000
001111111111111111111111111111100000000
001111111111111111111111111110000000000
001111111111111111111111111000000000000
001111111111111111111111111100000000000
011111111111111111111111011110000000000
011111111111111111111111111110000000000
111111111111111111111111111100000000000
111111111111111111111111110000000000000
111111111111111111111111100000000000000
011111111111111111111111000000000000000
011111111111111111111111000000000000000
001111111111111111111110000000000000000
011111111000001111111100000000000000000
111111110000000001111110000000000000000
011110000000000001111110000000000000000
000000000000000000011100000000000000000
